x,BSPEED,TSPEED,TILT
1.4986,1200.0,900.0,71.5,,
2.0828,1250.0,937.5,71.5,,
3.3019965267433022,1400.0,1190.0,71.5,,
4.289029139842272,1600.0,1440.0,71.5,,
6.121547998670826,1900.0,1425.0,65.0,,
7.461524541239074,1900.0,1425.0,55.5,,
4.877723546065401,1700.0,1360.0,70.0,,
6.4644347577343355,1850.0,1424.5,63.0,,
1.7272,1200.0,900.0,71.5,,

3.668473242547395,2000.0,800.0,71.5
2.8745620226319724,1800.0,720.0,71.5
2.4837022834243223,1700.0,680.0,71.5
5.162411246145639,2200.0,1100.0,65.0
6.149764832459278,2300.0,1150.0,60.0
7.119286686158522,2300.0,1150.0,55.0